  (0, 729)	1
  (0, 972)	1
  (0, 1215)	1
  (0, 1458)	1
  (0, 1701)	1
  (0, 1944)	1
  (1, 729)	1
  (1, 973)	1
  (1, 1216)	1
  (1, 1459)	1
  (1, 1702)	1
  (1, 1945)	1
  (2, 729)	1
  (2, 974)	1
  (2, 1217)	1
  (2, 1460)	1
  (2, 1703)	1
  (2, 1946)	1
  (3, 730)	1
  (3, 972)	1
  (3, 1218)	1
  (3, 1461)	1
  (3, 1704)	1
  (3, 1947)	1
  (4, 730)	1
  :	:
  (2178, 720)	1
  (2179, 235)	1
  (2179, 478)	1
  (2179, 721)	1
  (2180, 236)	1
  (2180, 479)	1
  (2180, 722)	1
  (2181, 237)	1
  (2181, 480)	1
  (2181, 723)	1
  (2182, 238)	1
  (2182, 481)	1
  (2182, 724)	1
  (2183, 239)	1
  (2183, 482)	1
  (2183, 725)	1
  (2184, 240)	1
  (2184, 483)	1
  (2184, 726)	1
  (2185, 241)	1
  (2185, 484)	1
  (2185, 727)	1
  (2186, 242)	1
  (2186, 485)	1
  (2186, 728)	1
