<graphml xmlns="http://graphml.graphdrawing.org/xmlns" xmlns:xsi="http://www.w3.org/2001/XMLSchema-instance" xsi:schemaLocation="http://graphml.graphdrawing.org/xmlns http://graphml.graphdrawing.org/xmlns/1.0/graphml.xsd">
  <graph edgedefault="undirected">
    <node id="(1, 0, 3, 2, 5, 4, 7, 6, 8, 9)" />
    <node id="(1, 0, 3, 2, 4, 5, 7, 6, 8, 9)" />
    <node id="(0, 1, 2, 3, 4, 5, 6, 7, 9, 8)" />
    <node id="(0, 1, 2, 3, 5, 4, 6, 7, 9, 8)" />
    <node id="(1, 0, 3, 2, 5, 4, 6, 7, 9, 8)" />
    <node id="(0, 1, 2, 3, 4, 5, 7, 6, 8, 9)" />
    <node id="(1, 0, 2, 3, 4, 5, 7, 6, 9, 8)" />
    <node id="(1, 0, 3, 2, 5, 4, 6, 7, 8, 9)" />
    <node id="(1, 0, 3, 2, 4, 5, 6, 7, 8, 9)" />
    <node id="(1, 0, 3, 2, 4, 5, 7, 6, 9, 8)" />
    <node id="(1, 0, 2, 3, 4, 5, 7, 6, 8, 9)" />
    <node id="(1, 0, 2, 3, 4, 5, 6, 7, 8, 9)" />
    <node id="(0, 1, 2, 3, 4, 5, 6, 7, 8, 9)" />
    <node id="(1, 0, 2, 3, 4, 5, 6, 7, 9, 8)" />
    <node id="(0, 1, 3, 2, 5, 4, 7, 6, 8, 9)" />
    <node id="(0, 1, 3, 2, 4, 5, 7, 6, 9, 8)" />
    <node id="(1, 0, 3, 2, 4, 5, 6, 7, 9, 8)" />
    <node id="(1, 0, 2, 3, 5, 4, 6, 7, 9, 8)" />
    <node id="(0, 1, 2, 3, 5, 4, 7, 6, 8, 9)" />
    <node id="(0, 1, 3, 2, 4, 5, 7, 6, 8, 9)" />
    <node id="(1, 0, 2, 3, 5, 4, 7, 6, 8, 9)" />
    <node id="(0, 1, 3, 2, 5, 4, 6, 7, 9, 8)" />
    <node id="(0, 1, 3, 2, 5, 4, 6, 7, 8, 9)" />
    <node id="(0, 1, 3, 2, 4, 5, 6, 7, 9, 8)" />
    <node id="(0, 1, 3, 2, 5, 4, 7, 6, 9, 8)" />
    <node id="(0, 1, 2, 3, 4, 5, 7, 6, 9, 8)" />
    <node id="(0, 1, 2, 3, 5, 4, 6, 7, 8, 9)" />
    <node id="(0, 1, 2, 3, 5, 4, 7, 6, 9, 8)" />
    <node id="(0, 1, 3, 2, 4, 5, 6, 7, 8, 9)" />
    <node id="(1, 0, 3, 2, 5, 4, 7, 6, 9, 8)" />
    <node id="(1, 0, 2, 3, 5, 4, 6, 7, 8, 9)" />
    <node id="(1, 0, 2, 3, 5, 4, 7, 6, 9, 8)" />
    <edge source="(1, 0, 3, 2, 5, 4, 7, 6, 8, 9)" target="(1, 0, 2, 3, 5, 4, 7, 6, 8, 9)" />
    <edge source="(1, 0, 3, 2, 5, 4, 7, 6, 8, 9)" target="(0, 1, 3, 2, 5, 4, 7, 6, 8, 9)" />
    <edge source="(1, 0, 3, 2, 5, 4, 7, 6, 8, 9)" target="(1, 0, 3, 2, 5, 4, 6, 7, 8, 9)" />
    <edge source="(1, 0, 3, 2, 5, 4, 7, 6, 8, 9)" target="(1, 0, 3, 2, 4, 5, 7, 6, 8, 9)" />
    <edge source="(1, 0, 3, 2, 5, 4, 7, 6, 8, 9)" target="(1, 0, 3, 2, 5, 4, 7, 6, 9, 8)" />
    <edge source="(1, 0, 3, 2, 4, 5, 7, 6, 8, 9)" target="(1, 0, 3, 2, 4, 5, 7, 6, 9, 8)" />
    <edge source="(1, 0, 3, 2, 4, 5, 7, 6, 8, 9)" target="(0, 1, 3, 2, 4, 5, 7, 6, 8, 9)" />
    <edge source="(1, 0, 3, 2, 4, 5, 7, 6, 8, 9)" target="(1, 0, 2, 3, 4, 5, 7, 6, 8, 9)" />
    <edge source="(1, 0, 3, 2, 4, 5, 7, 6, 8, 9)" target="(1, 0, 3, 2, 4, 5, 6, 7, 8, 9)" />
    <edge source="(0, 1, 2, 3, 4, 5, 6, 7, 9, 8)" target="(0, 1, 2, 3, 4, 5, 6, 7, 8, 9)" />
    <edge source="(0, 1, 2, 3, 4, 5, 6, 7, 9, 8)" target="(0, 1, 2, 3, 5, 4, 6, 7, 9, 8)" />
    <edge source="(0, 1, 2, 3, 4, 5, 6, 7, 9, 8)" target="(0, 1, 2, 3, 4, 5, 7, 6, 9, 8)" />
    <edge source="(0, 1, 2, 3, 4, 5, 6, 7, 9, 8)" target="(1, 0, 2, 3, 4, 5, 6, 7, 9, 8)" />
    <edge source="(0, 1, 2, 3, 4, 5, 6, 7, 9, 8)" target="(0, 1, 3, 2, 4, 5, 6, 7, 9, 8)" />
    <edge source="(0, 1, 2, 3, 5, 4, 6, 7, 9, 8)" target="(0, 1, 2, 3, 5, 4, 7, 6, 9, 8)" />
    <edge source="(0, 1, 2, 3, 5, 4, 6, 7, 9, 8)" target="(0, 1, 3, 2, 5, 4, 6, 7, 9, 8)" />
    <edge source="(0, 1, 2, 3, 5, 4, 6, 7, 9, 8)" target="(1, 0, 2, 3, 5, 4, 6, 7, 9, 8)" />
    <edge source="(0, 1, 2, 3, 5, 4, 6, 7, 9, 8)" target="(0, 1, 2, 3, 5, 4, 6, 7, 8, 9)" />
    <edge source="(1, 0, 3, 2, 5, 4, 6, 7, 9, 8)" target="(1, 0, 3, 2, 4, 5, 6, 7, 9, 8)" />
    <edge source="(1, 0, 3, 2, 5, 4, 6, 7, 9, 8)" target="(1, 0, 3, 2, 5, 4, 6, 7, 8, 9)" />
    <edge source="(1, 0, 3, 2, 5, 4, 6, 7, 9, 8)" target="(1, 0, 2, 3, 5, 4, 6, 7, 9, 8)" />
    <edge source="(1, 0, 3, 2, 5, 4, 6, 7, 9, 8)" target="(0, 1, 3, 2, 5, 4, 6, 7, 9, 8)" />
    <edge source="(1, 0, 3, 2, 5, 4, 6, 7, 9, 8)" target="(1, 0, 3, 2, 5, 4, 7, 6, 9, 8)" />
    <edge source="(0, 1, 2, 3, 4, 5, 7, 6, 8, 9)" target="(0, 1, 2, 3, 4, 5, 6, 7, 8, 9)" />
    <edge source="(0, 1, 2, 3, 4, 5, 7, 6, 8, 9)" target="(1, 0, 2, 3, 4, 5, 7, 6, 8, 9)" />
    <edge source="(0, 1, 2, 3, 4, 5, 7, 6, 8, 9)" target="(0, 1, 3, 2, 4, 5, 7, 6, 8, 9)" />
    <edge source="(0, 1, 2, 3, 4, 5, 7, 6, 8, 9)" target="(0, 1, 2, 3, 4, 5, 7, 6, 9, 8)" />
    <edge source="(0, 1, 2, 3, 4, 5, 7, 6, 8, 9)" target="(0, 1, 2, 3, 5, 4, 7, 6, 8, 9)" />
    <edge source="(1, 0, 2, 3, 4, 5, 7, 6, 9, 8)" target="(1, 0, 3, 2, 4, 5, 7, 6, 9, 8)" />
    <edge source="(1, 0, 2, 3, 4, 5, 7, 6, 9, 8)" target="(0, 1, 2, 3, 4, 5, 7, 6, 9, 8)" />
    <edge source="(1, 0, 2, 3, 4, 5, 7, 6, 9, 8)" target="(1, 0, 2, 3, 4, 5, 7, 6, 8, 9)" />
    <edge source="(1, 0, 2, 3, 4, 5, 7, 6, 9, 8)" target="(1, 0, 2, 3, 4, 5, 6, 7, 9, 8)" />
    <edge source="(1, 0, 2, 3, 4, 5, 7, 6, 9, 8)" target="(1, 0, 2, 3, 5, 4, 7, 6, 9, 8)" />
    <edge source="(1, 0, 3, 2, 5, 4, 6, 7, 8, 9)" target="(1, 0, 2, 3, 5, 4, 6, 7, 8, 9)" />
    <edge source="(1, 0, 3, 2, 5, 4, 6, 7, 8, 9)" target="(0, 1, 3, 2, 5, 4, 6, 7, 8, 9)" />
    <edge source="(1, 0, 3, 2, 5, 4, 6, 7, 8, 9)" target="(1, 0, 3, 2, 4, 5, 6, 7, 8, 9)" />
    <edge source="(1, 0, 3, 2, 4, 5, 6, 7, 8, 9)" target="(1, 0, 3, 2, 4, 5, 6, 7, 9, 8)" />
    <edge source="(1, 0, 3, 2, 4, 5, 6, 7, 8, 9)" target="(0, 1, 3, 2, 4, 5, 6, 7, 8, 9)" />
    <edge source="(1, 0, 3, 2, 4, 5, 6, 7, 8, 9)" target="(1, 0, 2, 3, 4, 5, 6, 7, 8, 9)" />
    <edge source="(1, 0, 3, 2, 4, 5, 7, 6, 9, 8)" target="(1, 0, 3, 2, 4, 5, 6, 7, 9, 8)" />
    <edge source="(1, 0, 3, 2, 4, 5, 7, 6, 9, 8)" target="(0, 1, 3, 2, 4, 5, 7, 6, 9, 8)" />
    <edge source="(1, 0, 3, 2, 4, 5, 7, 6, 9, 8)" target="(1, 0, 3, 2, 5, 4, 7, 6, 9, 8)" />
    <edge source="(1, 0, 2, 3, 4, 5, 7, 6, 8, 9)" target="(1, 0, 2, 3, 5, 4, 7, 6, 8, 9)" />
    <edge source="(1, 0, 2, 3, 4, 5, 7, 6, 8, 9)" target="(1, 0, 2, 3, 4, 5, 6, 7, 8, 9)" />
    <edge source="(1, 0, 2, 3, 4, 5, 6, 7, 8, 9)" target="(0, 1, 2, 3, 4, 5, 6, 7, 8, 9)" />
    <edge source="(1, 0, 2, 3, 4, 5, 6, 7, 8, 9)" target="(1, 0, 2, 3, 5, 4, 6, 7, 8, 9)" />
    <edge source="(1, 0, 2, 3, 4, 5, 6, 7, 8, 9)" target="(1, 0, 2, 3, 4, 5, 6, 7, 9, 8)" />
    <edge source="(0, 1, 2, 3, 4, 5, 6, 7, 8, 9)" target="(0, 1, 3, 2, 4, 5, 6, 7, 8, 9)" />
    <edge source="(0, 1, 2, 3, 4, 5, 6, 7, 8, 9)" target="(0, 1, 2, 3, 5, 4, 6, 7, 8, 9)" />
    <edge source="(1, 0, 2, 3, 4, 5, 6, 7, 9, 8)" target="(1, 0, 3, 2, 4, 5, 6, 7, 9, 8)" />
    <edge source="(1, 0, 2, 3, 4, 5, 6, 7, 9, 8)" target="(1, 0, 2, 3, 5, 4, 6, 7, 9, 8)" />
    <edge source="(0, 1, 3, 2, 5, 4, 7, 6, 8, 9)" target="(0, 1, 3, 2, 4, 5, 7, 6, 8, 9)" />
    <edge source="(0, 1, 3, 2, 5, 4, 7, 6, 8, 9)" target="(0, 1, 3, 2, 5, 4, 7, 6, 9, 8)" />
    <edge source="(0, 1, 3, 2, 5, 4, 7, 6, 8, 9)" target="(0, 1, 3, 2, 5, 4, 6, 7, 8, 9)" />
    <edge source="(0, 1, 3, 2, 5, 4, 7, 6, 8, 9)" target="(0, 1, 2, 3, 5, 4, 7, 6, 8, 9)" />
    <edge source="(0, 1, 3, 2, 4, 5, 7, 6, 9, 8)" target="(0, 1, 3, 2, 4, 5, 7, 6, 8, 9)" />
    <edge source="(0, 1, 3, 2, 4, 5, 7, 6, 9, 8)" target="(0, 1, 2, 3, 4, 5, 7, 6, 9, 8)" />
    <edge source="(0, 1, 3, 2, 4, 5, 7, 6, 9, 8)" target="(0, 1, 3, 2, 5, 4, 7, 6, 9, 8)" />
    <edge source="(0, 1, 3, 2, 4, 5, 7, 6, 9, 8)" target="(0, 1, 3, 2, 4, 5, 6, 7, 9, 8)" />
    <edge source="(1, 0, 3, 2, 4, 5, 6, 7, 9, 8)" target="(0, 1, 3, 2, 4, 5, 6, 7, 9, 8)" />
    <edge source="(1, 0, 2, 3, 5, 4, 6, 7, 9, 8)" target="(1, 0, 2, 3, 5, 4, 6, 7, 8, 9)" />
    <edge source="(1, 0, 2, 3, 5, 4, 6, 7, 9, 8)" target="(1, 0, 2, 3, 5, 4, 7, 6, 9, 8)" />
    <edge source="(0, 1, 2, 3, 5, 4, 7, 6, 8, 9)" target="(1, 0, 2, 3, 5, 4, 7, 6, 8, 9)" />
    <edge source="(0, 1, 2, 3, 5, 4, 7, 6, 8, 9)" target="(0, 1, 2, 3, 5, 4, 7, 6, 9, 8)" />
    <edge source="(0, 1, 2, 3, 5, 4, 7, 6, 8, 9)" target="(0, 1, 2, 3, 5, 4, 6, 7, 8, 9)" />
    <edge source="(0, 1, 3, 2, 4, 5, 7, 6, 8, 9)" target="(0, 1, 3, 2, 4, 5, 6, 7, 8, 9)" />
    <edge source="(1, 0, 2, 3, 5, 4, 7, 6, 8, 9)" target="(1, 0, 2, 3, 5, 4, 6, 7, 8, 9)" />
    <edge source="(1, 0, 2, 3, 5, 4, 7, 6, 8, 9)" target="(1, 0, 2, 3, 5, 4, 7, 6, 9, 8)" />
    <edge source="(0, 1, 3, 2, 5, 4, 6, 7, 9, 8)" target="(0, 1, 3, 2, 5, 4, 6, 7, 8, 9)" />
    <edge source="(0, 1, 3, 2, 5, 4, 6, 7, 9, 8)" target="(0, 1, 3, 2, 5, 4, 7, 6, 9, 8)" />
    <edge source="(0, 1, 3, 2, 5, 4, 6, 7, 9, 8)" target="(0, 1, 3, 2, 4, 5, 6, 7, 9, 8)" />
    <edge source="(0, 1, 3, 2, 5, 4, 6, 7, 8, 9)" target="(0, 1, 3, 2, 4, 5, 6, 7, 8, 9)" />
    <edge source="(0, 1, 3, 2, 5, 4, 6, 7, 8, 9)" target="(0, 1, 2, 3, 5, 4, 6, 7, 8, 9)" />
    <edge source="(0, 1, 3, 2, 4, 5, 6, 7, 9, 8)" target="(0, 1, 3, 2, 4, 5, 6, 7, 8, 9)" />
    <edge source="(0, 1, 3, 2, 5, 4, 7, 6, 9, 8)" target="(0, 1, 2, 3, 5, 4, 7, 6, 9, 8)" />
    <edge source="(0, 1, 3, 2, 5, 4, 7, 6, 9, 8)" target="(1, 0, 3, 2, 5, 4, 7, 6, 9, 8)" />
    <edge source="(0, 1, 2, 3, 4, 5, 7, 6, 9, 8)" target="(0, 1, 2, 3, 5, 4, 7, 6, 9, 8)" />
    <edge source="(0, 1, 2, 3, 5, 4, 6, 7, 8, 9)" target="(1, 0, 2, 3, 5, 4, 6, 7, 8, 9)" />
    <edge source="(0, 1, 2, 3, 5, 4, 7, 6, 9, 8)" target="(1, 0, 2, 3, 5, 4, 7, 6, 9, 8)" />
    <edge source="(1, 0, 3, 2, 5, 4, 7, 6, 9, 8)" target="(1, 0, 2, 3, 5, 4, 7, 6, 9, 8)" />
  </graph>
</graphml>
